"","1","2","3","4","5","6","7","8","9","10","11","12","13","14","15","16","17","18","19","20","21","22","23","24"
"1",-0.19,-0.12209819064713,-0.0823471086515928,-0.0575862508712871,-0.0411538698493479,-0.0290804209236703,-0.0180630490557216,-0.00261163942775977,-0.0352352237005195,-0.0469196575169549,-0.0577214578675904,-0.0697279754505822,0.107637553551074,0.117772550263178,0.126133567991661,0.135683154211275,0.149820964008423,0.176088616873172,0.167730934585445,0.144214342824758,0.116299411213629,0.0806633974267874,0.0317289741690694,-0.157202307151777
"2",-0.15193128741458,-0.19,-0.132855912803424,-0.0974235548409917,-0.0741953374990097,-0.0576435460727349,-0.0434906149679401,-0.0253678385528668,0.0134731626724267,0.00423351607107603,-0.00397812260158076,-0.0126321002348562,0.109058787292687,0.116667496305633,0.122470204271866,0.128614440079348,0.1372662596522,0.15294078538234,0.139039098632397,0.126957227731555,0.112909533969779,0.0951890263849046,0.0710247222371123,-0.125328664303332
"3",-0.115820830416592,-0.145318453897528,-0.19,-0.141544895200653,-0.11007635546375,-0.0881969708611203,-0.0705291396596497,-0.0499269013725921,0.0544797093852655,0.0505754909230907,0.047226235100474,0.0438764992164142,0.114835583897377,0.117902436392766,0.120058861790055,0.122141005498163,0.124873334452547,0.129634527735568,0.0958673665419539,0.0924533833558324,0.0885916499655809,0.0838000258754611,0.0773303856542499,-0.0945990271087664
"4",-0.0818129291503365,-0.10406064948192,-0.137303896499733,-0.19,-0.148707663158952,-0.120560790982606,-0.0989389818197803,-0.07600982300435,0.0811311217250668,0.0859418754867462,0.0899422904212568,0.093747655816879,0.126865225041269,0.123290044575625,0.120966634616668,0.118951006697115,0.116553705649705,0.112628024945396,0.0419513790684222,0.0448095866127409,0.0479280411778276,0.0517100258682058,0.0567445481533234,-0.0652333512221821
"5",-0.0500518837601141,-0.0662549367815252,-0.090045764419777,-0.12750930339012,-0.19,-0.154555102130973,-0.128480500137262,-0.103337598565555,0.0879250817505498,0.105338993885381,0.119481733810504,0.132395350530003,0.143381095871816,0.13198344742657,0.124954391028035,0.119345520859337,0.113266660090994,0.103976019345428,-0.0175801825174422,-0.0105937027689504,-0.00327220542380161,0.00536905801885024,0.0166716808609871,-0.0374515922976814
"6",-0.0206819943902248,-0.0319296658246934,-0.0480734701794281,-0.0732692472240084,-0.115160778776458,-0.19,-0.158914053301025,-0.131631223173622,0.0705102482920834,0.104943885918016,0.132417270985008,0.156697712369064,0.15895268500779,0.140476224039285,0.12947677350638,0.121238546121694,0.113019254230815,0.101329814590335,-0.0762055964284325,-0.0671023422468501,-0.0579731978767423,-0.0475364443309314,-0.0341778577022917,-0.0114737059893662
"7",0.00615243881503147,-0.001113186639775,-0.011234880197981,-0.0268390601518029,-0.0526631622995839,-0.0987288167479345,-0.19,-0.160611691945966,0.0245853226483688,0.0809844920652237,0.1253764344123,0.163596528958204,0.167990181218894,0.145146321008377,0.131888153847226,0.122440294575563,0.113690186680396,0.102149260479182,-0.127342573898366,-0.118006811764932,-0.109085704870914,-0.0992662912444232,-0.0870369313032714,0.0124803520486616
"8",0.0303071157113545,0.02616615074488,0.0206221391052694,0.0122220291763589,-0.00158515643448126,-0.0261560120205828,-0.0748125266952677,-0.19,-0.0541509938818928,0.0296887528075754,0.0949867565599125,0.150033587921563,0.164903773274829,0.142371684928454,0.129542903846096,0.120760978312319,0.113158156050968,0.103894206811032,-0.164408826161061,-0.156597591267168,-0.149520495096234,-0.142080292784909,-0.13313840370871,0.0341906261622999
"9",0.051637736154444,0.0498799963009217,0.0476497213110281,0.0443547921103391,0.0389952329537476,0.0294947987170603,0.0107037471543395,-0.0337800199505749,-0.17,-0.0527153913743565,0.0378757698953784,0.112950676883281,0.144103649945297,0.128530262394126,0.119795395298513,0.114010809423339,0.10930186095376,0.10402450338495,-0.180822064450333,-0.176165160697533,-0.172188337242623,-0.168238259015673,-0.163715138685367,0.0534371606974467
"10",0.0700000000000001,0.07,0.07,0.07,0.07,0.07,0.07,0.07,-0.0332977359195657,-0.17,-0.0493289931137698,0.0492895834675001,0.1,0.1,0.1,0.1,0.1,0.1,-0.17,-0.17,-0.17,-0.17,-0.17,0.07
"11",0.0853117233820081,0.0865322106965754,0.0878497766247484,0.0896277065069743,0.0924018644805892,0.097235853776687,0.106735632733209,0.129177862057772,0.0603011585062309,-0.0329451823322862,-0.17,-0.0440079047016406,0.027300427832101,0.0533690086575957,0.0676894278653857,0.0767200882014758,0.0833521994607335,0.089605911396089,-0.128744503805177,-0.134445788777478,-0.138761511841492,-0.142489656373653,-0.146184279951532,0.0837803058548155
"12",0.0977391875475974,0.0996202727763501,0.101474524125269,0.103825094539977,0.107376448737491,0.113478131649353,0.125402936006732,0.153519200629597,0.115613531294238,0.0569290910655781,-0.0290217563171379,-0.17,-0.0780977996713897,-0.0139339434539227,0.0211097412867216,0.0428879164581366,0.0583417962462636,0.0719289120764912,-0.0673940859061656,-0.0780590052686247,-0.0858599403730645,-0.0922886910623157,-0.098292984967549,0.0951637098025794
"13",0.107510790022183,0.109442229507837,0.111174383313415,0.113208629319492,0.116150100754099,0.121102482633676,0.130702422913651,0.153271608172537,0.137456230461303,0.105275955629585,0.0583787837849417,-0.0183389058695333,-0.22,-0.10426992383848,-0.0413146592246355,-0.00259834673184905,0.0241730549267084,0.0463810414853229,0.000328583895433943,-0.0124493273710318,-0.0215776129838907,-0.028842897564152,-0.0353095500077993,0.104656960822936
"14",0.114854928331178,0.11617612415955,0.117249495001041,0.118394776066004,0.119949168513805,0.122484555745332,0.127334606547046,0.138682677143651,0.130646104024274,0.117748546795729,0.0990899319945504,0.0686889952615936,-0.144735180710653,-0.22,-0.121159373157328,-0.0608405328703127,-0.0199497599278138,0.0123743390667006,0.0607008357980224,0.0507735670177074,0.0438031429368554,0.0384019306226744,0.0337825899679669,0.112766807895528
"15",0.12,0.12,0.12,0.12,0.12,0.12,0.12,0.12,0.1,0.1,0.1,0.1,-0.0807084271602868,-0.138153351936337,-0.22,-0.132940473459086,-0.0748223837471847,-0.0306791557352592,0.1,0.1,0.1,0.1,0.1,0.12
"16",0.122878708535114,0.120929790368729,0.119611160231303,0.118506322910536,0.117300048979441,0.115583407956737,0.112504706337868,0.105475623883341,0.0509921294451636,0.0583758345019778,0.0687703573771931,0.0854437302256354,-0.0272609039314465,-0.069515008796257,-0.12837258487149,-0.22,-0.141240551961286,-0.0833674034764402,0.105409463203364,0.124421521539061,0.137478274647038,0.147235457054706,0.15510487636466,0.126281722214885
"17",0.1222409813672,0.118332988889385,0.115808722052586,0.113857992860964,0.111931192352336,0.109405146348122,0.105077188515102,0.0953794146742256,-0.00827384442420959,0.00199110485558232,0.016154605252396,0.0386031089117712,0.0162662243933246,-0.0131863136811033,-0.0530785581867964,-0.114509523564047,-0.22,-0.146278364712726,0.0677368381244983,0.116434593041337,0.149693858642141,0.174312208213856,0.193841940282744,0.129210904014274
"18",0.116541051907986,0.111414979256645,0.108203552930643,0.105864814483206,0.103746412802258,0.101194525450115,0.0970514994584241,0.0879856929379018,-0.0690368953522585,-0.0593467505616805,-0.0463205973605338,-0.0260056156949909,0.0505317932314825,0.0317313903077811,0.00714094750242153,-0.0301909451963721,-0.0939443815744795,-0.22,-0.0213042060166165,0.0692369037740826,0.130850287580149,0.176164099889555,0.211701544211161,0.125804910971147
"19",0.104233153569204,0.0993811451651847,0.0964065203322664,0.0943365924091867,0.0925986930127799,0.0906808555386778,0.0877616920945604,0.0815687792396182,-0.122535997083122,-0.115830293372305,-0.107128591447739,-0.093866195348049,0.0761946380004832,0.0661367600690532,0.0535447996445052,0.0347875908479241,0.00299857330464073,-0.0596764220927191,-0.17,-0.0239738569954479,0.0751510970559016,0.147724978493912,0.204174040606818,0.113081108658483
"20",0.0837715197625837,0.0814368703096815,0.0800284917242502,0.0790831312708293,0.0783410156674729,0.0775934468897688,0.0765418193502347,0.0744029941446237,-0.16001012336094,-0.157652085198785,-0.154742717995362,-0.150462381800801,0.093913594117783,0.0909284525013697,0.0873918656877956,0.0822579403137406,0.0736509165350427,0.0567532161949831,-0.0346359098467619,-0.17,-0.0232001773357614,0.0839286904390336,0.166749781926623,0.0880568626492627
"21",0.0536171664950237,0.0567911796680318,0.0586828710911803,0.0599171621025231,0.0608312859061814,0.0616709971549789,0.0627448005768454,0.064804422474778,-0.173020422168124,-0.175338494551352,-0.178001543210002,-0.181707720013809,0.104376616711416,0.107026575537793,0.109959940107901,0.114071960748685,0.120860071330778,0.134102983914184,0.0641978415171046,-0.0402524776578995,-0.17,-0.0202909178629729,0.0949191206274831,0.0477632331138231
"22",0.0123871094622882,0.0247368477322018,0.0320414023268813,0.0367187231953657,0.040040625363,0.0428681136253982,0.0461574828932895,0.052049726953998,-0.160538048967375,-0.167093448358201,-0.174143813368761,-0.183400998712377,0.108941414252709,0.115844610902711,0.12296213900756,0.132541551162649,0.148057001182394,0.178085205728569,0.130176327866929,0.0519913183941127,-0.0443884239096843,-0.17,-0.0158275908336938,-0.0104537440382785
"23",-0.0411456359509929,-0.0153496014917725,-0.000165830765584352,0.00943516009716361,0.0160533721662736,0.0213553132316163,0.0270006411859632,0.0363761482082581,-0.128944166701683,-0.138798431965488,-0.148808454819239,-0.161226250386554,0.109635448556284,0.119289414111836,0.128546900116647,0.140438652027812,0.159256209856932,0.195310461914432,0.166974622978041,0.11078278755755,0.0421793749031744,-0.0467712423909578,-0.17,-0.0889330571582644
"24",-0.108201271765022,-0.0640880027146351,-0.0382062078653609,-0.0219832552418113,-0.0110412130993812,-0.00268749972014651,0.00551391676593617,0.0180626911201437,-0.0849421125523104,-0.0966687376071076,-0.107999619129496,-0.121297300733552,0.108515301147339,0.119289291715285,0.128881588192301,0.140555205619059,0.158497572437804,0.192428387339917,0.17826780062577,0.140173329233927,0.0942323390678532,0.0350632656264023,-0.0465986645699457,-0.19
